1.0     0.0
0.99     0.002571936258179147
0.98     0.0046202162455367055
0.97     0.006658794081970854
0.96     0.008682732065672355
0.94     0.012668150436505904
0.92     0.016559146088531256
0.9     0.020359357328344693
0.88     0.024072682341585088
0.86     0.027697908359387013
0.84     0.03123191683323937
0.82     0.034671762467326124
0.8     0.03801475984487383
0.78     0.04125848342815164
0.76     0.0444016338219466
0.74     0.04744308488374079
0.72     0.05038179709736388
0.7     0.053217077452035605
0.68     0.0559470201681103
0.66     0.05856339574257257
0.64     0.061056155519108875
0.62     0.06341525084140572
0.6     0.06563097955853964
0.58     0.06769424590401996
0.56     0.0696025377137683
0.54     0.07135516197700444
0.52     0.07295194544103326
0.5     0.07439228172142211
0.48     0.07567435166487281
0.46     0.07678793336237678
0.44     0.07771899334563409
0.42     0.07845375802538739
0.4     0.07897828055968427
0.38     0.07928147277604086
0.36     0.07937277694633797
0.34     0.07926995147181932
0.32     0.0789908413800762
0.3     0.07855311844600481
0.28     0.07796509879896811
0.26     0.07717021543402866
0.24     0.07608461404677704
0.22     0.07462279443220064
0.2     0.07269700410025114
0.18     0.07022685380042026
0.16     0.06719666416380504
0.14     0.0636149245724634
0.12     0.05944334618078691
0.1     0.054572953043582256
0.08     0.04888394092221482
0.06     0.042236494891770456
0.05     0.03835407524815061
0.04     0.0338954171407582
0.03     0.02860531934976851
0.02     0.021980136290639468
0.012     0.01546981976833581
0.008     0.011898128833307707
0.004     0.007730362000922557
0.002     0.00502649381545453
0.001     0.0032286505988075105
0.0005     0.0020261902687372935
0.0     0.0
0.0005     -0.00404545042967215
0.001     -0.0051471643175644505
0.002     -0.006766643884646268
0.004     -0.009106681410486393
0.008     -0.012375613260895564
0.012     -0.014703349845386364
0.02     -0.017561153050416004
0.03     -0.019582405617344062
0.04     -0.021241733304289887
0.05     -0.02256200546700152
0.06     -0.023499735679018675
0.08     -0.024653425375429243
0.1     -0.025449608135581638
0.12     -0.025956112389592195
0.14     -0.02619615399859908
0.16     -0.026208454939948406
0.18     -0.026030351169425793
0.2     -0.025698225752994037
0.22     -0.025246815856012846
0.24     -0.024704188415082092
0.26     -0.024096331334460905
0.28     -0.02344940577110348
0.3     -0.02278957288196402
0.32     -0.022138662506620197
0.34     -0.02149858042471768
0.36     -0.020865688329660192
0.38     -0.02023643454119898
0.4     -0.01960709412639024
0.42     -0.018974808415765463
0.44     -0.018339490782977124
0.46     -0.017702353996890643
0.48     -0.017064177694633798
0.5     -0.01642600139237695
0.52     -0.01578869135359541
0.54     -0.01515216095194164
0.56     -0.014516150308373055
0.58     -0.013880312917499532
0.6     -0.013244562152973536
0.62     -0.012608551509404951
0.64     -0.011972367613141304
0.66     -0.011336097090530128
0.68     -0.01069965331522389
0.7     -0.010063296166265183
0.72     -0.009426939017306476
0.74     -0.0087906684946953
0.76     -0.008154397972084122
0.78     -0.007518127449472947
0.8     -0.00688185692686177
0.82     -0.006245586404250593
0.84     -0.005609315881639417
0.86     -0.00497304535902824
0.88     -0.004336774836417064
0.9     -0.0037005043138058874
0.92     -0.003064233791194711
0.94     -0.002427963268583534
0.96     -0.0017916927459723573
0.97     -0.0014736007978405346
0.98     -0.0011555088497087113
0.99     -0.0008373302752293578
1.0     0.0
