 1.0     0.0
 0.84208     0.00864
 0.68797     0.01706
 0.54146     0.02505
 0.40637     0.03238
 0.28648     0.03884
 0.18561     0.04421
 0.10756     0.04827
 0.05613     0.0508
 0.03512     0.0516
 0.04605     0.0505
 0.0812     0.04768
 0.1306     0.04337
 0.18424     0.0378
 0.23214     0.03121
 0.2643     0.02383
 0.27072     0.0159
 0.24142     0.00765
 0.1664     -0.00068
 0.08175     -0.00897
 0.02803     -0.01709
 0.00189     -0.02483
 0.0     -0.03197
 0.01902     -0.03829
 0.05563     -0.04359
 0.10647     -0.04764
 0.16823     -0.05023
 0.23755     -0.05114
 0.3116     -0.05023
 0.38941     -0.04763
 0.47051     -0.04357
 0.55444     -0.03823
 0.64073     -0.03185
 0.7289     -0.02462
 0.81848     -0.01677
 0.90901     -0.00849
 1.0     0.0
